2011 super output area - middle layer,All persons,Males,Females
E02000166  Camden 001,7924,3689,4235
E02000167  Camden 002,7944,3880,4064
E02000168  Camden 003,8172,3928,4244
E02000169  Camden 004,7637,3665,3972
E02000170  Camden 005,8338,4134,4204
E02000171  Camden 006,7818,3791,4027
E02000172  Camden 007,10147,4892,5255
E02000173  Camden 008,7675,3759,3916
E02000174  Camden 009,8714,4108,4606
E02000175  Camden 010,8848,4272,4576
E02000176  Camden 011,6373,3111,3262
E02000177  Camden 012,8948,4242,4706
E02000178  Camden 013,8857,4403,4454
E02000179  Camden 014,6329,2980,3349
E02000180  Camden 015,8202,4066,4136
E02000181  Camden 016,7708,3657,4051
E02000182  Camden 017,6697,3100,3597
E02000183  Camden 018,7913,3864,4049
E02000184  Camden 019,8882,4342,4540
E02000185  Camden 020,8290,3902,4388
E02000186  Camden 021,6687,3449,3238
E02000187  Camden 022,8155,3881,4274
E02000188  Camden 023,8322,4250,4072
E02000189  Camden 024,5944,2986,2958
E02000190  Camden 025,7530,3738,3792
E02000191  Camden 026,7497,4008,3489
E02000192  Camden 027,7157,3771,3386
E02000193  Camden 028,7630,4017,3613
E02000001  City of London 001,7375,4091,3284
E02000345  Hackney 001,8838,4448,4390
E02000346  Hackney 002,6092,3016,3076
E02000347  Hackney 003,7956,3960,3996
E02000348  Hackney 004,8120,4031,4089
E02000350  Hackney 006,9502,4716,4786
E02000351  Hackney 007,8523,4303,4220
E02000352  Hackney 008,6883,3225,3658
E02000353  Hackney 009,7786,3751,4035
E02000354  Hackney 010,9502,4765,4737
E02000355  Hackney 011,8485,4202,4283
E02000356  Hackney 012,7346,3633,3713
E02000357  Hackney 013,6339,3019,3320
E02000358  Hackney 014,11058,5509,5549
E02000359  Hackney 015,6581,3179,3402
E02000360  Hackney 016,11292,5492,5800
E02000361  Hackney 017,7640,3808,3832
E02000362  Hackney 018,6363,3165,3198
E02000363  Hackney 019,10845,5305,5540
E02000364  Hackney 020,8867,4399,4468
E02000365  Hackney 021,12764,6457,6307
E02000366  Hackney 022,8514,4141,4373
E02000367  Hackney 023,9741,4699,5042
E02000368  Hackney 024,9614,4697,4917
E02000369  Hackney 025,11594,5889,5705
E02000370  Hackney 026,8301,4262,4039
E02000371  Hackney 027,12369,6510,5859
E02006918  Hackney 028,7611,3724,3887
E02006921  Hackney 029,7744,3724,4020
E02000372  Hammersmith and Fulham 001,9175,4350,4825
E02000373  Hammersmith and Fulham 002,6658,3099,3559
E02000374  Hammersmith and Fulham 003,6731,3218,3513
E02000375  Hammersmith and Fulham 004,7028,3422,3606
E02000376  Hammersmith and Fulham 005,6915,3523,3392
E02000377  Hammersmith and Fulham 006,8169,4098,4071
E02000378  Hammersmith and Fulham 007,6534,3177,3357
E02000379  Hammersmith and Fulham 008,7581,3771,3810
E02000380  Hammersmith and Fulham 009,5863,2972,2891
E02000381  Hammersmith and Fulham 010,7768,3710,4058
E02000382  Hammersmith and Fulham 011,6167,3119,3048
E02000383  Hammersmith and Fulham 012,9432,4600,4832
E02000384  Hammersmith and Fulham 013,7320,3605,3715
E02000385  Hammersmith and Fulham 014,6162,3123,3039
E02000386  Hammersmith and Fulham 015,8136,4046,4090
E02000387  Hammersmith and Fulham 016,6272,3095,3177
E02000388  Hammersmith and Fulham 017,8202,3965,4237
E02000389  Hammersmith and Fulham 018,8255,3954,4301
E02000390  Hammersmith and Fulham 019,6448,3160,3288
E02000391  Hammersmith and Fulham 020,7729,3802,3927
E02000392  Hammersmith and Fulham 021,9578,4498,5080
E02000393  Hammersmith and Fulham 022,6031,2839,3192
E02000394  Hammersmith and Fulham 023,7755,3680,4075
E02000395  Hammersmith and Fulham 024,5951,2862,3089
E02000396  Hammersmith and Fulham 025,6633,3226,3407
E02000397  Haringey 001,7815,3896,3919
E02000398  Haringey 002,7123,3629,3494
E02000400  Haringey 004,7668,3757,3911
E02000401  Haringey 005,6734,3151,3583
E02000402  Haringey 006,6697,3080,3617
E02000403  Haringey 007,7199,3600,3599
E02000404  Haringey 008,7315,3621,3694
E02000405  Haringey 009,6548,3237,3311
E02000406  Haringey 010,7025,3380,3645
E02000407  Haringey 011,7312,3624,3688
E02000408  Haringey 012,7612,3721,3891
E02000409  Haringey 013,6527,3239,3288
E02000410  Haringey 014,6693,3240,3453
E02000411  Haringey 015,7452,3762,3690
E02000412  Haringey 016,6914,3404,3510
E02000413  Haringey 017,7500,3524,3976
E02000414  Haringey 018,7171,3652,3519
E02000415  Haringey 019,6845,3494,3351
E02000416  Haringey 020,7490,3671,3819
E02000417  Haringey 021,6676,3250,3426
E02000418  Haringey 022,5509,2603,2906
E02000419  Haringey 023,8108,4151,3957
E02000420  Haringey 024,7432,3689,3743
E02000421  Haringey 025,7148,3482,3666
E02000422  Haringey 026,7825,4008,3817
E02000423  Haringey 027,6813,3527,3286
E02000424  Haringey 028,7198,3556,3642
E02000425  Haringey 029,7256,3652,3604
E02000426  Haringey 030,6731,3278,3453
E02000427  Haringey 031,6854,3548,3306
E02000428  Haringey 032,7022,3526,3496
E02000429  Haringey 033,6852,3404,3448
E02000430  Haringey 034,7417,3733,3684
E02000431  Haringey 035,6685,3356,3329
E02000432  Haringey 036,6454,3221,3233
E02006794  Haringey 037,7306,3558,3748
E02000554  Islington 001,9182,4387,4795
E02000555  Islington 002,9408,4449,4959
E02000556  Islington 003,10008,4922,5086
E02000557  Islington 004,8124,3878,4246
E02000558  Islington 005,8870,4363,4507
E02000559  Islington 006,8778,4496,4282
E02000560  Islington 007,7076,3614,3462
E02000561  Islington 008,7746,3780,3966
E02000562  Islington 009,7934,3834,4100
E02000563  Islington 010,8486,4075,4411
E02000564  Islington 011,10488,5184,5304
E02000565  Islington 012,8187,3904,4283
E02000566  Islington 013,8164,3992,4172
E02000567  Islington 014,10358,4888,5470
E02000568  Islington 015,9625,4945,4680
E02000569  Islington 016,10022,4769,5253
E02000570  Islington 017,8615,4303,4312
E02000571  Islington 018,8031,3948,4083
E02000572  Islington 019,8571,4071,4500
E02000573  Islington 020,8674,4368,4306
E02000574  Islington 021,8501,4198,4303
E02000575  Islington 022,11889,6226,5663
E02000576  Islington 023,9388,4811,4577
E02000577  Kensington and Chelsea 001,7199,3523,3676
E02000578  Kensington and Chelsea 002,5798,2752,3046
E02000579  Kensington and Chelsea 003,8616,4091,4525
E02000580  Kensington and Chelsea 004,8655,4246,4409
E02000581  Kensington and Chelsea 005,7298,3415,3883
E02000582  Kensington and Chelsea 006,7659,3758,3901
E02000583  Kensington and Chelsea 007,7303,3485,3818
E02000584  Kensington and Chelsea 008,8178,3972,4206
E02000585  Kensington and Chelsea 009,8384,4094,4290
E02000586  Kensington and Chelsea 010,7769,3912,3857
E02000587  Kensington and Chelsea 011,7523,3743,3780
E02000588  Kensington and Chelsea 012,8159,4225,3934
E02000589  Kensington and Chelsea 013,8444,4520,3924
E02000590  Kensington and Chelsea 014,7015,3330,3685
E02000591  Kensington and Chelsea 015,6769,3477,3292
E02000592  Kensington and Chelsea 016,6761,3369,3392
E02000593  Kensington and Chelsea 017,7624,3908,3716
E02000594  Kensington and Chelsea 018,7252,3625,3627
E02000595  Kensington and Chelsea 019,7331,3472,3859
E02000596  Kensington and Chelsea 020,7782,3900,3882
E02000597  Kensington and Chelsea 021,7130,3377,3753
E02000619  Lambeth 002,8054,4069,3985
E02000620  Lambeth 003,9370,4895,4475
E02000621  Lambeth 004,10429,5649,4780
E02000622  Lambeth 005,8094,4277,3817
E02000623  Lambeth 006,7990,4049,3941
E02000624  Lambeth 007,7976,4025,3951
E02000625  Lambeth 008,8361,4239,4122
E02000626  Lambeth 009,8301,4067,4234
E02000627  Lambeth 010,9571,4837,4734
E02000628  Lambeth 011,9731,4874,4857
E02000629  Lambeth 012,9033,4570,4463
E02000630  Lambeth 013,7266,3609,3657
E02000631  Lambeth 014,8832,4290,4542
E02000632  Lambeth 015,9516,4829,4687
E02000633  Lambeth 016,8642,4286,4356
E02000634  Lambeth 017,6846,3392,3454
E02000635  Lambeth 018,9157,4568,4589
E02000636  Lambeth 019,7639,3829,3810
E02000637  Lambeth 020,8687,4427,4260
E02000638  Lambeth 021,9898,4959,4939
E02000639  Lambeth 022,8119,3925,4194
E02000640  Lambeth 023,9123,4336,4787
E02000641  Lambeth 024,8779,4138,4641
E02000642  Lambeth 025,9628,4692,4936
E02000643  Lambeth 026,8369,4014,4355
E02000644  Lambeth 027,8620,4213,4407
E02000645  Lambeth 028,9020,4424,4596
E02000646  Lambeth 029,9121,4511,4610
E02000647  Lambeth 030,8483,4179,4304
E02000648  Lambeth 031,7791,3579,4212
E02000649  Lambeth 032,11181,5567,5614
E02000650  Lambeth 033,7424,3472,3952
E02000651  Lambeth 034,8591,4260,4331
E02000652  Lambeth 035,7363,3633,3730
E02006801  Lambeth 036,8081,4238,3843
E02000653  Lewisham 001,8544,4308,4236
E02000654  Lewisham 002,8059,3856,4203
E02000655  Lewisham 003,8208,4069,4139
E02000657  Lewisham 005,9078,4540,4538
E02000658  Lewisham 006,8314,4310,4004
E02000659  Lewisham 007,7697,3674,4023
E02000660  Lewisham 008,8078,4018,4060
E02000661  Lewisham 009,6342,3116,3226
E02000662  Lewisham 010,8100,3859,4241
E02000663  Lewisham 011,7194,3761,3433
E02000664  Lewisham 012,9928,5062,4866
E02000665  Lewisham 013,7916,3950,3966
E02000666  Lewisham 014,7321,3423,3898
E02000667  Lewisham 015,6534,3101,3433
E02000668  Lewisham 016,6657,3309,3348
E02000669  Lewisham 017,7518,3771,3747
E02000670  Lewisham 018,6539,3143,3396
E02000671  Lewisham 019,8403,4098,4305
E02000672  Lewisham 020,8377,4313,4064
E02000673  Lewisham 021,8007,4060,3947
E02000674  Lewisham 022,8015,3773,4242
E02000675  Lewisham 023,8204,3953,4251
E02000676  Lewisham 024,7713,3774,3939
E02000677  Lewisham 025,7199,3561,3638
E02000678  Lewisham 026,6087,2840,3247
E02000679  Lewisham 027,7905,3931,3974
E02000680  Lewisham 028,6847,3380,3467
E02000681  Lewisham 029,8094,3853,4241
E02000682  Lewisham 030,8162,3856,4306
E02000683  Lewisham 031,6444,3023,3421
E02000685  Lewisham 033,7679,3627,4052
E02000686  Lewisham 034,6681,3132,3549
E02000687  Lewisham 035,7926,3966,3960
E02006783  Lewisham 037,7208,3333,3875
E02006784  Lewisham 038,7359,3434,3925
E02006798  Lewisham 039,7548,3780,3768
E02000714  Newham 001,8133,4164,3969
E02000715  Newham 002,7381,3829,3552
E02000716  Newham 003,7354,3912,3442
E02000717  Newham 004,8101,4305,3796
E02000718  Newham 005,6844,3429,3415
E02000719  Newham 006,8216,4243,3973
E02000720  Newham 007,7483,4104,3379
E02000721  Newham 008,9665,5243,4422
E02000722  Newham 009,8226,4255,3971
E02000723  Newham 010,10600,5779,4821
E02000724  Newham 011,9415,5203,4212
E02000725  Newham 012,8876,4512,4364
E02000726  Newham 013,8892,4739,4153
E02000727  Newham 014,8305,4710,3595
E02000728  Newham 015,8227,4440,3787
E02000729  Newham 016,7080,3712,3368
E02000730  Newham 017,8992,5026,3966
E02000731  Newham 018,10073,5718,4355
E02000732  Newham 019,7566,4052,3514
E02000733  Newham 020,9754,4899,4855
E02000734  Newham 021,7642,3932,3710
E02000735  Newham 022,7582,4089,3493
E02000736  Newham 023,8571,4392,4179
E02000737  Newham 024,9434,4763,4671
E02000738  Newham 025,8467,4405,4062
E02000739  Newham 026,6894,3529,3365
E02000740  Newham 027,6779,3345,3434
E02000741  Newham 028,8261,4183,4078
E02000742  Newham 029,8005,4002,4003
E02000743  Newham 030,7866,3926,3940
E02000744  Newham 031,8029,3951,4078
E02000745  Newham 032,8141,3961,4180
E02000746  Newham 033,7382,3512,3870
E02000747  Newham 034,10646,5554,5092
E02000748  Newham 035,6240,3056,3184
E02000749  Newham 036,8183,3957,4226
E02000750  Newham 037,10679,5505,5174
E02000807  Southwark 001,8313,4278,4035
E02000808  Southwark 002,9102,4712,4390
E02000809  Southwark 003,11711,6450,5261
E02000810  Southwark 004,9144,4452,4692
E02000812  Southwark 006,10290,5077,5213
E02000813  Southwark 007,8591,4162,4429
E02000814  Southwark 008,8652,4397,4255
E02000815  Southwark 009,6497,3342,3155
E02000816  Southwark 010,9043,4379,4664
E02000817  Southwark 011,6494,3153,3341
E02000818  Southwark 012,7534,3758,3776
E02000819  Southwark 013,8315,4182,4133
E02000820  Southwark 014,8503,4395,4108
E02000821  Southwark 015,8386,4131,4255
E02000822  Southwark 016,8111,4005,4106
E02000823  Southwark 017,7733,3801,3932
E02000824  Southwark 018,9568,4609,4959
E02000825  Southwark 019,9649,4702,4947
E02000826  Southwark 020,8888,4288,4600
E02000827  Southwark 021,10359,5209,5150
E02000828  Southwark 022,8383,4145,4238
E02000829  Southwark 023,10389,5303,5086
E02000830  Southwark 024,8870,4335,4535
E02000831  Southwark 025,9378,4591,4787
E02000832  Southwark 026,9960,4759,5201
E02000833  Southwark 027,7755,3575,4180
E02000834  Southwark 028,9199,4380,4819
E02000835  Southwark 029,7236,3469,3767
E02000836  Southwark 030,8240,3985,4255
E02000837  Southwark 031,9085,4390,4695
E02000838  Southwark 032,9180,4317,4863
E02000839  Southwark 033,8036,3927,4109
E02006802  Southwark 034,7689,3960,3729
E02000864  Tower Hamlets 001,8297,4020,4277
E02000865  Tower Hamlets 002,7051,3474,3577
E02000866  Tower Hamlets 003,9662,4778,4884
E02000867  Tower Hamlets 004,9761,4900,4861
E02000868  Tower Hamlets 005,6632,3341,3291
E02000869  Tower Hamlets 006,5705,2956,2749
E02000870  Tower Hamlets 007,6477,3242,3235
E02000871  Tower Hamlets 008,8591,4379,4212
E02000872  Tower Hamlets 009,7501,3901,3600
E02000873  Tower Hamlets 010,8713,4315,4398
E02000874  Tower Hamlets 011,7129,3632,3497
E02000875  Tower Hamlets 012,9440,4781,4659
E02000876  Tower Hamlets 013,7037,3748,3289
E02000877  Tower Hamlets 014,9803,4969,4834
E02000878  Tower Hamlets 015,10286,5492,4794
E02000879  Tower Hamlets 016,7634,3839,3795
E02000880  Tower Hamlets 017,5776,3022,2754
E02000881  Tower Hamlets 018,6909,3448,3461
E02000882  Tower Hamlets 019,8604,4340,4264
E02000883  Tower Hamlets 020,7950,3977,3973
E02000884  Tower Hamlets 021,9086,5060,4026
E02000885  Tower Hamlets 022,6895,3502,3393
E02000886  Tower Hamlets 023,7326,3931,3395
E02000887  Tower Hamlets 024,8660,4359,4301
E02000888  Tower Hamlets 025,8215,4361,3854
E02000889  Tower Hamlets 026,6616,3607,3009
E02000890  Tower Hamlets 027,5795,3152,2643
E02000891  Tower Hamlets 028,12678,6719,5959
E02000893  Tower Hamlets 030,6783,3410,3373
E02000894  Tower Hamlets 031,10137,5320,4817
E02006853  Tower Hamlets 032,7064,3680,3384
E02006854  Tower Hamlets 033,5883,3251,2632
E02000923  Wandsworth 001,7474,3721,3753
E02000924  Wandsworth 002,11131,5446,5685
E02000925  Wandsworth 003,7848,3709,4139
E02000926  Wandsworth 004,8936,4523,4413
E02000927  Wandsworth 005,6790,3257,3533
E02000928  Wandsworth 006,8458,4017,4441
E02000929  Wandsworth 007,7277,3370,3907
E02000930  Wandsworth 008,9676,4679,4997
E02000931  Wandsworth 009,8474,4177,4297
E02000932  Wandsworth 010,10296,5096,5200
E02000933  Wandsworth 011,8781,4225,4556
E02000934  Wandsworth 012,9105,4484,4621
E02000935  Wandsworth 013,6850,3078,3772
E02000936  Wandsworth 014,8330,3952,4378
E02000937  Wandsworth 015,7724,3791,3933
E02000938  Wandsworth 016,9546,4390,5156
E02000939  Wandsworth 017,7968,3890,4078
E02000940  Wandsworth 018,7835,3800,4035
E02000941  Wandsworth 019,9941,4860,5081
E02000942  Wandsworth 020,9665,4707,4958
E02000943  Wandsworth 021,8402,4192,4210
E02000944  Wandsworth 022,7206,3389,3817
E02000945  Wandsworth 023,7620,3535,4085
E02000946  Wandsworth 024,8795,4810,3985
E02000947  Wandsworth 025,8675,4130,4545
E02000948  Wandsworth 026,9877,4790,5087
E02000949  Wandsworth 027,9805,4778,5027
E02000950  Wandsworth 028,7578,3656,3922
E02000951  Wandsworth 029,6650,3199,3451
E02000952  Wandsworth 030,6257,3061,3196
E02000953  Wandsworth 031,7084,3254,3830
E02000954  Wandsworth 032,6429,3117,3312
E02000955  Wandsworth 033,6714,3232,3482
E02000956  Wandsworth 034,7705,3639,4066
E02000957  Wandsworth 035,10589,5164,5425
E02000958  Wandsworth 036,8271,3974,4297
E02000959  Wandsworth 037,7233,3554,3679
E02000960  Westminster 001,6620,3113,3507
E02000961  Westminster 002,9442,4484,4958
E02000962  Westminster 003,8624,4201,4423
E02000963  Westminster 004,10363,4867,5496
E02000964  Westminster 005,12549,6063,6486
E02000965  Westminster 006,8627,4283,4344
E02000966  Westminster 007,9708,4839,4869
E02000967  Westminster 008,7289,3759,3530
E02000968  Westminster 009,14358,6993,7365
E02000969  Westminster 010,9329,4540,4789
E02000970  Westminster 011,8983,4764,4219
E02000971  Westminster 012,8408,4523,3885
E02000972  Westminster 013,8333,4708,3625
E02000973  Westminster 014,10090,5074,5016
E02000974  Westminster 015,8794,4871,3923
E02000975  Westminster 016,8757,4631,4126
E02000976  Westminster 017,9946,5156,4790
E02000977  Westminster 018,7490,4297,3193
E02000978  Westminster 019,9270,4949,4321
E02000979  Westminster 020,8081,4364,3717
E02000980  Westminster 021,8684,4368,4316
E02000981  Westminster 022,8991,4546,4445
E02000982  Westminster 023,8226,4011,4215
E02000983  Westminster 024,8434,4144,4290
E02000002  Barking and Dagenham 001,6775,3156,3619
E02000003  Barking and Dagenham 002,10045,4844,5201
E02000004  Barking and Dagenham 003,6182,2950,3232
E02000005  Barking and Dagenham 004,8562,4134,4428
E02000007  Barking and Dagenham 006,8791,4099,4692
E02000008  Barking and Dagenham 007,11569,5450,6119
E02000009  Barking and Dagenham 008,8395,4080,4315
E02000010  Barking and Dagenham 009,8615,4085,4530
E02000011  Barking and Dagenham 010,6187,3046,3141
E02000012  Barking and Dagenham 011,9888,4797,5091
E02000013  Barking and Dagenham 012,8402,4033,4369
E02000014  Barking and Dagenham 013,9402,4413,4989
E02000015  Barking and Dagenham 014,7563,3635,3928
E02000016  Barking and Dagenham 015,7676,4032,3644
E02000017  Barking and Dagenham 016,8498,4524,3974
E02000018  Barking and Dagenham 017,8890,4308,4582
E02000019  Barking and Dagenham 018,8276,3997,4279
E02000020  Barking and Dagenham 019,9276,4635,4641
E02000021  Barking and Dagenham 020,7904,3797,4107
E02000022  Barking and Dagenham 021,8777,4409,4368
E02000023  Barking and Dagenham 022,6482,3160,3322
E02006799  Barking and Dagenham 023,9756,4653,5103
E02000024  Barnet 001,10156,4854,5302
E02000025  Barnet 002,7956,3823,4133
E02000026  Barnet 003,6313,3102,3211
E02000027  Barnet 004,9598,4548,5050
E02000028  Barnet 005,6166,3034,3132
E02000029  Barnet 006,8517,4137,4380
E02000030  Barnet 007,9130,4332,4798
E02000031  Barnet 008,7294,3503,3791
E02000032  Barnet 009,7857,3813,4044
E02000033  Barnet 010,8537,4140,4397
E02000034  Barnet 011,8508,4059,4449
E02000035  Barnet 012,7965,3795,4170
E02000036  Barnet 013,10743,5215,5528
E02000037  Barnet 014,9741,4689,5052
E02000038  Barnet 015,10514,5220,5294
E02000039  Barnet 016,6675,3258,3417
E02000040  Barnet 017,7197,3410,3787
E02000041  Barnet 018,8811,4346,4465
E02000042  Barnet 019,10639,5241,5398
E02000043  Barnet 020,7696,3728,3968
E02000044  Barnet 021,8071,3772,4299
E02000045  Barnet 022,10237,5002,5235
E02000046  Barnet 023,7063,3445,3618
E02000047  Barnet 024,11373,5436,5937
E02000048  Barnet 025,9817,4713,5104
E02000049  Barnet 026,8503,4002,4501
E02000050  Barnet 027,10064,4863,5201
E02000051  Barnet 028,8647,4168,4479
E02000052  Barnet 029,9698,4695,5003
E02000053  Barnet 030,8697,4420,4277
E02000054  Barnet 031,7206,3552,3654
E02000055  Barnet 032,11130,5514,5616
E02000056  Barnet 033,9212,4319,4893
E02000057  Barnet 034,7484,3697,3787
E02000058  Barnet 035,10220,4805,5415
E02000059  Barnet 036,10459,5189,5270
E02000060  Barnet 037,10920,5364,5556
E02000061  Barnet 038,8013,3918,4095
E02000062  Barnet 039,6340,3091,3249
E02000063  Barnet 040,6971,3450,3521
E02000064  Barnet 041,6248,3014,3234
E02000065  Bexley 001,7666,3708,3958
E02000066  Bexley 002,9641,4593,5048
E02000067  Bexley 003,8750,4206,4544
E02000068  Bexley 004,7388,3598,3790
E02000069  Bexley 005,6194,2991,3203
E02000070  Bexley 006,7875,3788,4087
E02000071  Bexley 007,7300,3531,3769
E02000072  Bexley 008,11734,5620,6114
E02000073  Bexley 009,10724,5203,5521
E02000074  Bexley 010,7655,3576,4079
E02000075  Bexley 011,7948,3865,4083
E02000077  Bexley 013,7823,3748,4075
E02000078  Bexley 014,7665,3718,3947
E02000079  Bexley 015,7865,3728,4137
E02000080  Bexley 016,9430,4546,4884
E02000081  Bexley 017,7513,3653,3860
E02000082  Bexley 018,8876,4338,4538
E02000083  Bexley 019,9771,4783,4988
E02000084  Bexley 020,10641,5257,5384
E02000085  Bexley 021,7893,3765,4128
E02000086  Bexley 022,7328,3584,3744
E02000087  Bexley 023,7579,3716,3863
E02000088  Bexley 024,7737,3790,3947
E02000089  Bexley 025,7783,3737,4046
E02000090  Bexley 026,8726,4021,4705
E02000091  Bexley 027,9682,4540,5142
E02000092  Bexley 028,6426,3000,3426
E02006785  Bexley 029,6384,3073,3311
E02000093  Brent 001,10883,5404,5479
E02000094  Brent 002,8746,4388,4358
E02000095  Brent 003,9921,4945,4976
E02000096  Brent 004,7598,3745,3853
E02000097  Brent 005,8958,4559,4399
E02000098  Brent 006,7944,4040,3904
E02000099  Brent 007,8707,4289,4418
E02000100  Brent 008,8388,4092,4296
E02000101  Brent 009,9332,4641,4691
E02000102  Brent 010,7787,3812,3975
E02000103  Brent 011,8723,4311,4412
E02000104  Brent 012,6767,3431,3336
E02000105  Brent 013,9202,4809,4393
E02000106  Brent 014,10217,5126,5091
E02000107  Brent 015,10692,5509,5183
E02000108  Brent 016,6584,3389,3195
E02000109  Brent 017,9864,5185,4679
E02000110  Brent 018,8087,4114,3973
E02000111  Brent 019,9782,5059,4723
E02000112  Brent 020,9432,5017,4415
E02000113  Brent 021,9655,4615,5040
E02000114  Brent 022,9010,4519,4491
E02000115  Brent 023,8340,4278,4062
E02000116  Brent 024,8153,4087,4066
E02000117  Brent 025,12013,5839,6174
E02000118  Brent 026,9425,4923,4502
E02000119  Brent 027,7248,3558,3690
E02000120  Brent 028,9214,4541,4673
E02000121  Brent 029,8933,4584,4349
E02000122  Brent 030,8079,3901,4178
E02000123  Brent 031,14719,7453,7266
E02000124  Brent 032,10222,5088,5134
E02000125  Brent 033,10815,5320,5495
E02000126  Brent 034,7775,3897,3878
E02000127  Bromley 001,8483,3915,4568
E02000128  Bromley 002,7294,3494,3800
E02000130  Bromley 004,7914,3819,4095
E02000131  Bromley 005,8954,4413,4541
E02000132  Bromley 006,8567,4163,4404
E02000133  Bromley 007,9606,4600,5006
E02000134  Bromley 008,10773,5170,5603
E02000135  Bromley 009,9734,4688,5046
E02000136  Bromley 010,5728,2724,3004
E02000137  Bromley 011,7826,3725,4101
E02000138  Bromley 012,7936,3838,4098
E02000139  Bromley 013,7284,3468,3816
E02000140  Bromley 014,8041,3751,4290
E02000141  Bromley 015,6940,3348,3592
E02000142  Bromley 016,8285,3961,4324
E02000144  Bromley 018,8681,4238,4443
E02000145  Bromley 019,8086,3756,4330
E02000146  Bromley 020,8324,3988,4336
E02000147  Bromley 021,7969,3912,4057
E02000148  Bromley 022,6585,3161,3424
E02000149  Bromley 023,7708,3687,4021
E02000150  Bromley 024,8351,3991,4360
E02000151  Bromley 025,7574,3628,3946
E02000152  Bromley 026,6572,3128,3444
E02000153  Bromley 027,7755,3750,4005
E02000154  Bromley 028,7959,3876,4083
E02000155  Bromley 029,6905,3338,3567
E02000156  Bromley 030,12094,5817,6277
E02000157  Bromley 031,7964,3826,4138
E02000158  Bromley 032,7364,3525,3839
E02000159  Bromley 033,6812,3278,3534
E02000160  Bromley 034,7856,3816,4040
E02000161  Bromley 035,8410,4066,4344
E02000162  Bromley 036,6693,3116,3577
E02000163  Bromley 037,7650,3749,3901
E02000165  Bromley 039,7045,3466,3579
E02006782  Bromley 040,7648,3630,4018
E02006787  Bromley 041,7594,3632,3962
E02006789  Bromley 042,6428,3137,3291
E02000194  Croydon 001,8696,4249,4447
E02000195  Croydon 002,9152,4505,4647
E02000196  Croydon 003,7403,3628,3775
E02000197  Croydon 004,9094,4382,4712
E02000198  Croydon 005,8070,3870,4200
E02000199  Croydon 006,8430,3966,4464
E02000200  Croydon 007,8294,4045,4249
E02000201  Croydon 008,8281,3995,4286
E02000202  Croydon 009,8548,4216,4332
E02000203  Croydon 010,7539,3649,3890
E02000204  Croydon 011,9407,4528,4879
E02000206  Croydon 013,9539,4631,4908
E02000207  Croydon 014,8999,4319,4680
E02000208  Croydon 015,9790,4740,5050
E02000209  Croydon 016,8414,4104,4310
E02000210  Croydon 017,8310,3980,4330
E02000211  Croydon 018,8000,3851,4149
E02000212  Croydon 019,8523,4202,4321
E02000213  Croydon 020,9551,4780,4771
E02000214  Croydon 021,6236,3116,3120
E02000215  Croydon 022,10518,5425,5093
E02000216  Croydon 023,6738,3332,3406
E02000217  Croydon 024,9688,4776,4912
E02000218  Croydon 025,6640,3098,3542
E02000219  Croydon 026,7686,3649,4037
E02000220  Croydon 027,9881,5075,4806
E02000221  Croydon 028,9820,4649,5171
E02000222  Croydon 029,7891,3919,3972
E02000223  Croydon 030,8371,3725,4646
E02000224  Croydon 031,7684,3813,3871
E02000225  Croydon 032,7535,3543,3992
E02000226  Croydon 033,7539,3740,3799
E02000227  Croydon 034,11411,5380,6031
E02000228  Croydon 035,7609,3704,3905
E02000229  Croydon 036,6374,2990,3384
E02000230  Croydon 037,10045,4929,5116
E02000231  Croydon 038,7685,3795,3890
E02000232  Croydon 039,6207,2983,3224
E02000233  Croydon 040,6135,2955,3180
E02000234  Croydon 041,8023,3897,4126
E02000235  Croydon 042,6968,3354,3614
E02000236  Croydon 043,7659,3743,3916
E02000237  Croydon 044,7475,3556,3919
E02006788  Croydon 045,7520,3438,4082
E02000238  Ealing 001,9500,4865,4635
E02000239  Ealing 002,9000,4563,4437
E02000240  Ealing 003,10265,4954,5311
E02000241  Ealing 004,6639,3288,3351
E02000242  Ealing 005,6763,3527,3236
E02000243  Ealing 006,8509,4286,4223
E02000244  Ealing 007,7172,3667,3505
E02000245  Ealing 008,8156,3927,4229
E02000246  Ealing 009,8748,4293,4455
E02000247  Ealing 010,10308,4952,5356
E02000248  Ealing 011,7334,3643,3691
E02000249  Ealing 012,7721,3842,3879
E02000250  Ealing 013,6487,3093,3394
E02000251  Ealing 014,7944,4008,3936
E02000252  Ealing 015,9706,5073,4633
E02000253  Ealing 016,9632,4615,5017
E02000254  Ealing 017,8949,4542,4407
E02000255  Ealing 018,9465,4583,4882
E02000256  Ealing 019,8861,4381,4480
E02000257  Ealing 020,13509,6703,6806
E02000258  Ealing 021,6730,3413,3317
E02000259  Ealing 022,6276,3045,3231
E02000260  Ealing 023,8710,4500,4210
E02000261  Ealing 024,10766,5272,5494
E02000262  Ealing 025,8925,4456,4469
E02000263  Ealing 026,11637,6173,5464
E02000264  Ealing 027,8103,4040,4063
E02000265  Ealing 028,11119,5542,5577
E02000266  Ealing 029,12331,6141,6190
E02000267  Ealing 030,6926,3403,3523
E02000268  Ealing 031,9358,4666,4692
E02000269  Ealing 032,8078,3947,4131
E02000270  Ealing 033,8043,3883,4160
E02000271  Ealing 034,6763,3331,3432
E02000272  Ealing 035,6748,3318,3430
E02000274  Ealing 037,12733,6846,5887
E02000275  Ealing 038,7102,3631,3471
E02000276  Ealing 039,6722,3449,3273
E02006791  Ealing 040,6711,3314,3397
E02000277  Enfield 001,7081,3391,3690
E02000278  Enfield 002,8837,4175,4662
E02000279  Enfield 003,11292,5328,5964
E02000280  Enfield 004,8515,4023,4492
E02000281  Enfield 005,8835,4200,4635
E02000282  Enfield 006,9115,4245,4870
E02000283  Enfield 007,8424,4022,4402
E02000284  Enfield 008,8200,3980,4220
E02000285  Enfield 009,6597,3204,3393
E02000286  Enfield 010,8158,4011,4147
E02000287  Enfield 011,6823,3293,3530
E02000288  Enfield 012,10490,5090,5400
E02000289  Enfield 013,6569,3145,3424
E02000290  Enfield 014,7242,3472,3770
E02000291  Enfield 015,8924,4374,4550
E02000292  Enfield 016,9518,4577,4941
E02000293  Enfield 017,6307,3146,3161
E02000294  Enfield 018,8879,4240,4639
E02000295  Enfield 019,8374,4008,4366
E02000296  Enfield 020,9535,4511,5024
E02000297  Enfield 021,9298,4532,4766
E02000298  Enfield 022,7976,3978,3998
E02000299  Enfield 023,9312,4494,4818
E02000300  Enfield 024,8157,3933,4224
E02000301  Enfield 025,10070,4787,5283
E02000302  Enfield 026,8326,4031,4295
E02000303  Enfield 027,8390,3967,4423
E02000304  Enfield 028,8089,3936,4153
E02000305  Enfield 029,8633,4310,4323
E02000306  Enfield 030,9149,4287,4862
E02000307  Enfield 031,9873,4774,5099
E02000308  Enfield 032,7736,3881,3855
E02000309  Enfield 033,10489,5126,5363
E02000311  Enfield 035,9872,4777,5095
E02000312  Enfield 036,10473,5259,5214
E02006793  Enfield 037,8908,4147,4761
E02000313  Greenwich 001,6566,3290,3276
E02000314  Greenwich 002,13164,6745,6419
E02000315  Greenwich 003,9080,4331,4749
E02000316  Greenwich 004,10750,5559,5191
E02000317  Greenwich 005,8370,4134,4236
E02000318  Greenwich 006,9842,5058,4784
E02000319  Greenwich 007,10971,5668,5303
E02000320  Greenwich 008,6624,3207,3417
E02000321  Greenwich 009,7200,3535,3665
E02000323  Greenwich 011,10674,5454,5220
E02000324  Greenwich 012,7315,3523,3792
E02000326  Greenwich 014,7070,3409,3661
E02000327  Greenwich 015,6825,3539,3286
E02000328  Greenwich 016,6606,3232,3374
E02000329  Greenwich 017,6180,3102,3078
E02000331  Greenwich 019,7831,3805,4026
E02000332  Greenwich 020,7253,3604,3649
E02000333  Greenwich 021,6269,3087,3182
E02000334  Greenwich 022,6469,3179,3290
E02000335  Greenwich 023,6549,3229,3320
E02000337  Greenwich 025,7906,3821,4085
E02000339  Greenwich 027,5970,2926,3044
E02000340  Greenwich 028,6088,2977,3111
E02000341  Greenwich 029,7683,3656,4027
E02000342  Greenwich 030,6453,3020,3433
E02000343  Greenwich 031,6675,3272,3403
E02000344  Greenwich 032,6387,3150,3237
E02006786  Greenwich 033,6894,3445,3449
E02006927  Greenwich 034,8315,4065,4250
E02006928  Greenwich 035,7341,3632,3709
E02006929  Greenwich 036,7490,3698,3792
E02006930  Greenwich 037,6561,3315,3246
E02006931  Greenwich 038,9186,4557,4629
E02000433  Harrow 001,7686,3530,4156
E02000434  Harrow 002,8588,4170,4418
E02000435  Harrow 003,7426,3594,3832
E02000436  Harrow 004,5782,2812,2970
E02000437  Harrow 005,8377,4025,4352
E02000438  Harrow 006,7910,3733,4177
E02000439  Harrow 007,8206,4077,4129
E02000440  Harrow 008,9569,4744,4825
E02000441  Harrow 009,6714,3193,3521
E02000442  Harrow 010,8706,4380,4326
E02000443  Harrow 011,9470,4650,4820
E02000444  Harrow 012,8499,4184,4315
E02000445  Harrow 013,10250,5189,5061
E02000447  Harrow 015,7058,3456,3602
E02000448  Harrow 016,6641,3171,3470
E02000449  Harrow 017,8137,4072,4065
E02000451  Harrow 019,6550,3213,3337
E02000452  Harrow 020,8218,4262,3956
E02000453  Harrow 021,7620,3782,3838
E02000454  Harrow 022,7082,3456,3626
E02000455  Harrow 023,8135,4068,4067
E02000456  Harrow 024,7059,3483,3576
E02000457  Harrow 025,6314,3146,3168
E02000459  Harrow 027,8235,4079,4156
E02000460  Harrow 028,6518,3200,3318
E02000461  Harrow 029,6947,3824,3123
E02000462  Harrow 030,6632,3320,3312
E02000463  Harrow 031,8429,4161,4268
E02006795  Harrow 032,8124,4040,4084
E02006882  Harrow 033,14174,7009,7165
E02000464  Havering 001,6451,3071,3380
E02000465  Havering 002,7930,3838,4092
E02000466  Havering 003,8287,3905,4382
E02000467  Havering 004,9643,4600,5043
E02000468  Havering 005,7782,3691,4091
E02000469  Havering 006,6443,3036,3407
E02000470  Havering 007,7887,3842,4045
E02000471  Havering 008,7457,3581,3876
E02000472  Havering 009,8989,4345,4644
E02000473  Havering 010,9588,4608,4980
E02000474  Havering 011,8343,3961,4382
E02000475  Havering 012,9196,4414,4782
E02000476  Havering 013,8414,4130,4284
E02000477  Havering 014,9360,4550,4810
E02000478  Havering 015,5885,2901,2984
E02000479  Havering 016,8134,3871,4263
E02000480  Havering 017,9795,4765,5030
E02000481  Havering 018,7793,3637,4156
E02000482  Havering 019,6396,3127,3269
E02000483  Havering 020,7614,3606,4008
E02000484  Havering 021,8199,4041,4158
E02000485  Havering 022,7986,3792,4194
E02000486  Havering 023,7366,3580,3786
E02000487  Havering 024,7843,3771,4072
E02000488  Havering 025,7431,3601,3830
E02000489  Havering 026,7884,3792,4092
E02000490  Havering 027,7828,3728,4100
E02000491  Havering 028,8826,4406,4420
E02000492  Havering 029,6272,3076,3196
E02000493  Havering 030,6210,2943,3267
E02000494  Hillingdon 001,7479,3559,3920
E02000495  Hillingdon 002,9473,4514,4959
E02000496  Hillingdon 003,7399,3565,3834
E02000497  Hillingdon 004,8529,4082,4447
E02000498  Hillingdon 005,6020,2919,3101
E02000499  Hillingdon 006,7765,3774,3991
E02000500  Hillingdon 007,7714,3829,3885
E02000501  Hillingdon 008,8247,3944,4303
E02000502  Hillingdon 009,7613,3650,3963
E02000503  Hillingdon 010,8986,4558,4428
E02000504  Hillingdon 011,7382,3601,3781
E02000506  Hillingdon 013,7541,3692,3849
E02000507  Hillingdon 014,7943,3942,4001
E02000508  Hillingdon 015,9184,4882,4302
E02000509  Hillingdon 016,9823,4926,4897
E02000510  Hillingdon 017,8634,4267,4367
E02000511  Hillingdon 018,9426,4717,4709
E02000512  Hillingdon 019,8001,4004,3997
E02000513  Hillingdon 020,8980,4347,4633
E02000514  Hillingdon 021,9820,5031,4789
E02000515  Hillingdon 022,10439,5271,5168
E02000516  Hillingdon 023,8269,4123,4146
E02000517  Hillingdon 024,8626,4194,4432
E02000518  Hillingdon 025,8606,4225,4381
E02000519  Hillingdon 026,8658,4376,4282
E02000520  Hillingdon 027,11251,5717,5534
E02000521  Hillingdon 028,9912,4874,5038
E02000522  Hillingdon 029,8653,4235,4418
E02000523  Hillingdon 030,9636,4866,4770
E02000524  Hillingdon 031,6663,3596,3067
E02000525  Hillingdon 032,8826,4449,4377
E02006796  Hillingdon 033,8438,4082,4356
E02000526  Hounslow 001,8378,4029,4349
E02000528  Hounslow 003,10614,5187,5427
E02000529  Hounslow 004,8448,4299,4149
E02000530  Hounslow 005,6837,3358,3479
E02000531  Hounslow 006,10337,5062,5275
E02000532  Hounslow 007,9160,4523,4637
E02000533  Hounslow 008,8406,4216,4190
E02000534  Hounslow 009,8044,4112,3932
E02000535  Hounslow 010,9291,4779,4512
E02000536  Hounslow 011,9269,4726,4543
E02000537  Hounslow 012,8620,4542,4078
E02000538  Hounslow 013,8680,4496,4184
E02000539  Hounslow 014,10752,5191,5561
E02000540  Hounslow 015,9246,4807,4439
E02000541  Hounslow 016,8875,4511,4364
E02000542  Hounslow 017,9396,4825,4571
E02000543  Hounslow 018,11713,6109,5604
E02000544  Hounslow 019,8199,4093,4106
E02000545  Hounslow 020,8181,3947,4234
E02000546  Hounslow 021,9750,5004,4746
E02000547  Hounslow 022,9360,4648,4712
E02000548  Hounslow 023,9103,4468,4635
E02000549  Hounslow 024,11017,5484,5533
E02000550  Hounslow 025,10403,5117,5286
E02000551  Hounslow 026,8614,4246,4368
E02000552  Hounslow 027,8266,4222,4044
E02000553  Hounslow 028,6605,3230,3375
E02006792  Hounslow 029,8393,4166,4227
E02000598  Kingston upon Thames 001,7837,3752,4085
E02000599  Kingston upon Thames 002,7270,3480,3790
E02000600  Kingston upon Thames 003,8225,3960,4265
E02000601  Kingston upon Thames 004,10409,5156,5253
E02000602  Kingston upon Thames 005,9390,4602,4788
E02000603  Kingston upon Thames 006,7860,3750,4110
E02000604  Kingston upon Thames 007,8586,4168,4418
E02000605  Kingston upon Thames 008,7863,3784,4079
E02000606  Kingston upon Thames 009,10107,5132,4975
E02000607  Kingston upon Thames 010,6829,3331,3498
E02000608  Kingston upon Thames 011,6993,3483,3510
E02000609  Kingston upon Thames 012,7437,3598,3839
E02000610  Kingston upon Thames 013,7629,3789,3840
E02000611  Kingston upon Thames 014,7313,3662,3651
E02000612  Kingston upon Thames 015,8028,3909,4119
E02000613  Kingston upon Thames 016,7841,3733,4108
E02000614  Kingston upon Thames 017,8404,4117,4287
E02000615  Kingston upon Thames 018,7471,3642,3829
E02000616  Kingston upon Thames 019,6031,2973,3058
E02000617  Kingston upon Thames 020,8537,4082,4455
E02000689  Merton 001,8258,4035,4223
E02000690  Merton 002,5656,2780,2876
E02000691  Merton 003,7334,3663,3671
E02000692  Merton 004,7662,3720,3942
E02000693  Merton 005,9173,4710,4463
E02000694  Merton 006,8730,4273,4457
E02000695  Merton 007,8287,4337,3950
E02000696  Merton 008,8072,4059,4013
E02000697  Merton 009,8217,4127,4090
E02000698  Merton 010,7816,3764,4052
E02000699  Merton 011,7689,3757,3932
E02000700  Merton 012,8290,4006,4284
E02000701  Merton 013,8416,4147,4269
E02000702  Merton 014,7638,3705,3933
E02000703  Merton 015,7825,3926,3899
E02000704  Merton 016,7742,3799,3943
E02000705  Merton 017,8124,3954,4170
E02000706  Merton 018,8605,4126,4479
E02000707  Merton 019,7486,3597,3889
E02000708  Merton 020,8286,4085,4201
E02000709  Merton 021,7701,3798,3903
E02000710  Merton 022,8329,4073,4256
E02000711  Merton 023,8158,4073,4085
E02000712  Merton 024,8709,4280,4429
E02000713  Merton 025,7490,3721,3769
E02000751  Redbridge 001,10422,5065,5357
E02000752  Redbridge 002,6815,3215,3600
E02000753  Redbridge 003,6138,2897,3241
E02000754  Redbridge 004,6440,3159,3281
E02000755  Redbridge 005,5218,2538,2680
E02000756  Redbridge 006,12630,6169,6461
E02000757  Redbridge 007,11516,5687,5829
E02000758  Redbridge 008,5953,2905,3048
E02000759  Redbridge 009,12044,5894,6150
E02000760  Redbridge 010,6957,3320,3637
E02000762  Redbridge 012,6290,3179,3111
E02000763  Redbridge 013,6928,3339,3589
E02000764  Redbridge 014,11865,5586,6279
E02000765  Redbridge 015,6319,3124,3195
E02000767  Redbridge 017,7616,3745,3871
E02000768  Redbridge 018,5660,2738,2922
E02000769  Redbridge 019,14257,6868,7389
E02000770  Redbridge 020,7562,3760,3802
E02000772  Redbridge 022,7946,4033,3913
E02000773  Redbridge 023,9198,4590,4608
E02000774  Redbridge 024,7218,3735,3483
E02000776  Redbridge 026,6372,3151,3221
E02000777  Redbridge 027,5883,2822,3061
E02000779  Redbridge 029,7751,4088,3663
E02000780  Redbridge 030,14666,7523,7143
E02000781  Redbridge 031,13672,6844,6828
E02000782  Redbridge 032,9289,4700,4589
E02000783  Redbridge 033,7255,3630,3625
E02006800  Redbridge 034,13069,6636,6433
E02006924  Redbridge 035,12780,6574,6206
E02006925  Redbridge 036,13241,6559,6682
E02000784  Richmond upon Thames 001,10299,4980,5319
E02000785  Richmond upon Thames 002,9695,4724,4971
E02000786  Richmond upon Thames 003,10919,5215,5704
E02000787  Richmond upon Thames 004,10768,5225,5543
E02000788  Richmond upon Thames 005,8692,4206,4486
E02000789  Richmond upon Thames 006,6196,3005,3191
E02000790  Richmond upon Thames 007,6193,3110,3083
E02000791  Richmond upon Thames 008,6137,3071,3066
E02000792  Richmond upon Thames 009,6989,3444,3545
E02000793  Richmond upon Thames 010,8122,4003,4119
E02000794  Richmond upon Thames 011,6609,3278,3331
E02000795  Richmond upon Thames 012,6898,3462,3436
E02000796  Richmond upon Thames 013,10313,5079,5234
E02000797  Richmond upon Thames 014,6979,3483,3496
E02000798  Richmond upon Thames 015,10528,5115,5413
E02000799  Richmond upon Thames 016,6415,3105,3310
E02000800  Richmond upon Thames 017,5184,2509,2675
E02000801  Richmond upon Thames 018,6608,3170,3438
E02000802  Richmond upon Thames 019,6747,3255,3492
E02000803  Richmond upon Thames 020,9387,4503,4884
E02000804  Richmond upon Thames 021,7106,3439,3667
E02000805  Richmond upon Thames 022,10221,4974,5247
E02000806  Richmond upon Thames 023,9985,4794,5191
E02000840  Sutton 001,8171,3873,4298
E02000841  Sutton 002,8721,4203,4518
E02000842  Sutton 003,7666,3763,3903
E02000843  Sutton 004,7495,3662,3833
E02000844  Sutton 005,7779,3758,4021
E02000845  Sutton 006,8867,4336,4531
E02000846  Sutton 007,7053,3423,3630
E02000847  Sutton 008,8798,4331,4467
E02000848  Sutton 009,7889,3884,4005
E02000849  Sutton 010,7485,3589,3896
E02000850  Sutton 011,10309,5101,5208
E02000851  Sutton 012,8330,4107,4223
E02000852  Sutton 013,7434,3631,3803
E02000853  Sutton 014,7592,3696,3896
E02000854  Sutton 015,7101,3484,3617
E02000855  Sutton 016,7787,3797,3990
E02000856  Sutton 017,8176,4021,4155
E02000857  Sutton 018,7905,3800,4105
E02000858  Sutton 019,7691,3603,4088
E02000859  Sutton 020,8165,3839,4326
E02000860  Sutton 021,7598,3737,3861
E02000861  Sutton 022,7497,3687,3810
E02000863  Sutton 024,6367,3115,3252
E02006836  Sutton 025,8270,4003,4267
E02000895  Waltham Forest 001,7979,3804,4175
E02000896  Waltham Forest 002,8814,4261,4553
E02000897  Waltham Forest 003,8077,3812,4265
E02000898  Waltham Forest 004,7750,3750,4000
E02000899  Waltham Forest 005,7920,3809,4111
E02000900  Waltham Forest 006,8088,3894,4194
E02000901  Waltham Forest 007,9371,4499,4872
E02000902  Waltham Forest 008,8231,4053,4178
E02000903  Waltham Forest 009,9043,4423,4620
E02000904  Waltham Forest 010,8228,4105,4123
E02000905  Waltham Forest 011,9589,4806,4783
E02000906  Waltham Forest 012,9248,4564,4684
E02000907  Waltham Forest 013,9998,4873,5125
E02000908  Waltham Forest 014,10516,5557,4959
E02000909  Waltham Forest 015,8640,4188,4452
E02000910  Waltham Forest 016,10698,5438,5260
E02000911  Waltham Forest 017,10872,5527,5345
E02000912  Waltham Forest 018,9238,4582,4656
E02000913  Waltham Forest 019,8706,4466,4240
E02000914  Waltham Forest 020,10594,5336,5258
E02000915  Waltham Forest 021,8643,4530,4113
E02000916  Waltham Forest 022,9485,4747,4738
E02000917  Waltham Forest 023,9171,4588,4583
E02000918  Waltham Forest 024,9126,4727,4399
E02000919  Waltham Forest 025,9221,4696,4525
E02000920  Waltham Forest 026,9479,4786,4693
E02000921  Waltham Forest 027,11001,5521,5480
E02000922  Waltham Forest 028,10523,5628,4895